Venta, Compra
7.07,	6.97
7.07,	6.97
7.07,	6.97
7.07,	6.97
7.07,	6.97
7.07,	6.97
7.07,	6.97
7.07,	6.97
7.07,	6.97
7.07,	6.97
7.06,	6.97
7.06,	6.95
7.06,	6.94
7.06,	6.93
7.06,	6.91
7.06,	6.97
7.06,	6.97
7.05,	6.97
7.05,	6.97
7.05,	6.95
7.05,	6.94
7.05,	6.93
7.04,	6.91
7.04,	6.97
7.04,	6.97
7.04,	6.97
7.03,	6.97
7.03,	6.95
7.03,	6.94
7.03,	6.93
7.03,	6.91
7.02,	6.97
7.02,	6.97
7.02,	6.97
7.01,	6.97
7.01,	6.95
7.01,	6.94
7.00,	6.93
7.00,	6.91
6.99,	6.89
6.99,	6.88
6.99,	6.88
6.99,	6.87
6.99,	6.87
6.99,	6.87
6.99,	6.86
6.99,	6.86
6.99,	6.86
6.99,	6.86
6.99,	6.86
6.99,	6.86
6.99,	6.86
6.99,	6.86
6.99,	6.86
6.98,	6.86
6.98,	6.86
6.98,	6.86
6.98,	6.86
6.98,	6.86
6.98,	6.86
6.98,	6.86
6.98,	6.86
6.98,	6.86
6.98,	6.86
6.98,	6.86
6.98,	6.86
6.98,	6.86
6.98,	6.86
6.97,	6.86
6.97,	6.86
6.97,	6.86
6.97,	6.86
6.97,	6.86
6.97,	6.86
6.97,	6.86
6.97,	6.86
6.97,	6.86
6.97,	6.86
6.97,	6.86
6.97,	6.86
6.97,	6.86
6.96,	6.86
6.96,	6.86
6.96,	6.86
6.96,	6.86
6.96,	6.86
6.96,	6.86
6.96,	6.86
6.96,	6.86
6.96,	6.86
6.96,	6.86
6.96,	6.86
6.96,	6.86
6.96,	6.86
6.96,	6.86
6.96,	6.86
6.96,	6.86
6.96,	6.86
6.96,	6.86
6.96,	6.86
6.96,	6.86
6.96,	6.86
6.96,	6.86
6.96,	6.86
6.96,	6.86
6.96,	6.86
6.96,	6.86
6.96,	6.86
6.96,	6.86
6.96,	6.86
6.96,	6.86
6.96,	6.86
6.96,	6.86
6.96,	6.86
6.96,	6.86
6.96,	6.86
6.96,	6.86
6.96,	6.86
6.96,	6.86
6.96,	6.86
6.96,	6.86
6.96,	6.86
6.96,	6.86
6.96,	6.86
6.96,	6.86
6.96,	6.86
6.96,	6.86
6.96,	6.86
6.96,	6.86
6.96,	6.86
6.96,	6.86
6.96,	6.86
6.96,	6.86
6.96,	6.86
6.96,	6.86
6.96,	6.86
6.96,	6.86
6.96,	6.86
6.96,	6.86
6.96,	6.86
6.96,	6.86
6.96,	6.86
6.96,	6.86
6.96,	6.86
6.96,	6.86
6.96,	6.86
6.96,	6.86
6.96,	6.86
6.96,	6.86
6.96,	6.86